original data mmms :
[[ 3.60000000e+02  1.10600000e+03  3.00000000e+00] 
 [ 1.00000000e+00 -1.20000000e+01  1.00000000e+00] 
 [ 1.80506225e+02  3.18386100e+02  2.00413125e+00] 
 [ 1.04219986e+02  2.71533171e+02  8.16405750e-01]]

min max scale data mmms:
[[1.         1.         1.        ]
 [0.         0.         0.        ]
 [0.50001734 0.2955153  0.50206562]
 [0.29030637 0.24287403 0.40820287]]

standard(zscore normalize) data mmms:
[[ 1.72225867e+00  2.90061762e+00  1.21982084e+00]
 [-1.72237813e+00 -1.21674305e+00 -1.22994142e+00]
 [-1.27897692e-17 -3.97903932e-17  8.77520279e-17]
 [ 1.00000000e+00  1.00000000e+00  1.00000000e+00]]